89003456789
89006789012
89002345678
89024567890
89027890123
89032341234
89505678901
89996781234
89991231233
89505467789
89002333411
89023331654
89004564563
89003241111
89009090909
89005678901
89007890123
89013456789
89014567890
89025678901
89028901234
89506789012
89997812345
89991234567
89506712345
89003456701
89006789034
89002345690
89024567812
89027890145
89032341256
89505678923
89996781245
89991231244
89505467790
89002333422
89023331678
89004564554
89003241122
89009090910
89005678912
89007890134
89013456790
89014567801
89025678912